version https://git-lfs.github.com/spec/v1
oid sha256:cd58f8420f38d418bfca61f772c833c03c443ec6740f88af7ce3dbfd8b11a177
size 1218195
